0.83 8.71
3.81 11.36
4.60 12.97
4.80 10.05
3.49 10.22
7.97 15.23
8.43 16.43
4.77 12.63
5.12 11.70
6.74 15.02
4.14 12.36
5.43 13.96
2.19 9.86
4.30 11.95
5.13 13.23
5.33 14.27
4.83 12.59
3.68 10.01
5.84 13.00
4.31 11.51
5.54 13.91
3.87 11.12
9.37 15.44
4.99 13.61
4.25 12.40
3.55 11.07
6.78 13.33
5.04 12.17
7.36 13.73
5.92 14.72
6.20 13.52
7.03 16.35
5.27 13.62
7.69 14.95
7.18 17.83
3.06 12.72
3.74 10.91
5.95 11.61
2.24 10.05
5.47 10.47
6.78 15.06
1.76 9.99
4.79 10.38
6.22 13.60
6.06 13.78
6.99 14.23
8.38 14.76
6.33 17.49
3.17 8.74
4.95 12.35
5.04 11.38
4.66 12.98
4.92 13.24
4.09 12.35
4.06 9.74
3.84 13.93
3.80 13.63
6.08 16.60
6.65 15.02
6.15 14.61
4.45 14.20
5.99 14.05
6.33 13.01
4.75 11.44
5.48 14.39
4.18 11.03
6.99 16.33
3.54 11.34
7.08 18.39
3.26 8.15
3.19 10.95
3.65 12.40
4.59 14.81
5.04 9.93
9.10 18.04
6.11 14.81
7.47 17.22
4.70 13.46
4.38 13.91
6.74 15.18
5.47 14.23
2.67 10.87
4.30 11.56
3.43 11.68
6.07 14.23
5.83 12.10
3.42 9.44
2.52 12.57
4.03 10.44
4.96 14.95
6.12 12.86
5.80 16.57
2.62 8.81
4.26 14.11
6.64 13.47
6.71 13.23
3.49 11.54
3.89 10.85
7.40 16.76
4.60 11.55

